9971	0.000
14759	0.000
19547	0.000
24335	0.000
96382	0.000
101182	0.000
105983	0.000
110783	0.000
182791	0.000
187604	0.000
192418	0.000
197231	0.000
269198	0.125
274026	0.125
278853	0.000
283681	0.000
355603	0.000
360446	0.000
365288	0.000
370131	0.000
442006	0.000
446865	0.000
451724	0.000
456583	0.000
528407	0.000
533283	0.000
538160	0.000
543036	0.000
614806	0.000
619701	0.000
624595	0.000
629490	0.000
701204	0.500
706117	0.375
711031	0.250
715944	0.125
787599	0.000
792533	0.000
797466	0.000
802400	0.000
873992	0.000
878947	0.000
883901	0.000
888856	0.000
960384	0.000
965360	0.000
970337	0.000
975313	0.000
1046773	0.000
1051772	0.000
1056772	0.000
1061771	0.000
1133161	0.000
1138184	0.000
1143206	0.000
1148229	0.000
1219547	0.000
1224594	0.000
1229641	0.000
1234688	0.000
1305930	0.000
1311003	0.000
1316075	0.000
1321148	0.000
1392312	0.000
1397411	0.000
1402509	0.000
1407608	0.000
1478692	0.000
1483817	0.000
1488943	0.000
1494068	0.000
1565071	0.000
1570223	0.000
1575376	0.000
1580528	0.500
1651447	0.000
1656628	0.000
1661808	0.000
1666989	0.000
1737822	0.000
1743032	0.000
1748241	0.000
1753451	0.000
1824195	0.000
1829434	0.000
1834673	0.000
1839912	0.000
1910566	0.000
1915835	0.000
1921105	0.000
1926374	0.000
1996935	0.000
2002235	0.000
2007535	0.000
2012835	0.000
2083303	0.000
2088634	0.000
2093966	0.000
2099297	0.000
2169670	0.000
2175033	0.000
2180396	0.000
2185759	0.000
2256034	0.000
2261429	0.000
2266825	0.000
2272220	0.000
2342397	0.625
2347825	0.375
2353254	0.250
2358682	0.125
2428759	0.000
2434220	0.000
2439682	0.000
2445143	0.000
2515119	0.000
2520614	0.000
2526110	0.000
2531605	0.000
2601477	0.000
2607007	0.000
2612536	0.000
2618066	0.000
2687834	0.000
2693398	0.000
2698963	0.000
2704527	0.000
2774190	0.000
2779789	0.000
2785389	0.000
2790988	0.000
2860544	0.000
2866179	0.000
2871813	0.000
2877448	0.000
2946897	0.000
2952567	0.000
2958238	0.000
2963908	0.000
3033248	0.000
3038955	0.000
3044661	0.000
3050368	0.000
3119598	0.000
3125341	0.000
3131085	0.000
3136828	0.000
3205947	0.000
3211727	0.000
3217507	0.000
3223287	0.000
3292295	0.125
3298112	0.000
3303928	0.000
3309745	0.000
3378641	0.000
3384495	0.000
3390350	0.000
3396204	0.000
3464987	0.000
3470879	0.000
3476770	0.000
3482662	0.000
3551331	0.000
3557260	0.000
3563190	0.000
3569119	0.000
3637674	0.125
3643641	0.000
3649609	0.000
3655576	0.000
3724017	0.000
3730022	0.000
3736027	0.000
3742032	0.000
3810358	0.000
3816401	0.000
3822445	0.000
3828488	0.000
3896698	0.000
3902780	0.000
3908861	0.000
3914943	0.000
3983037	0.000
3989157	0.000
3995278	0.000
4001398	0.000
4069375	0.000
4075534	0.000
4081693	0.000
4087852	0.000
4155713	0.000
4161911	0.000
4168108	0.000
4174306	0.000
4242050	0.000
4248286	0.000
4254523	0.000
4260759	0.000
4328385	0.000
4334661	0.000
4340936	0.000
4347212	0.000
4414720	0.000
4421035	0.000
4427349	0.000
4433664	0.000
4501055	0.000
4507408	0.000
4513762	0.000
4520115	0.000
4587388	0.000
4593781	0.000
4600173	0.000
4606566	0.000
4673721	0.000
4680153	0.000
4686584	0.000
4693016	0.000
4760054	0.000
4766525	0.000
4772995	0.000
4779466	0.000
4846385	0.000
4852895	0.000
4859405	0.000
4865915	0.000
4932717	0.000
4939266	0.000
4945814	0.000
4952363	0.000
5019047	0.000
5025635	0.000
5032223	0.000
5038811	0.000
5105377	0.000
5112004	0.000
5118632	0.000
5125259	0.000
5191707	0.000
5198373	0.000
5205039	0.000
5211705	0.000
5278036	0.000
5284741	0.000
5291447	0.000
5298152	0.000
5364365	0.000
5371109	0.000
5377853	0.000
5384597	0.000
5450693	0.000
5457476	0.000
5464259	0.000
5471042	0.000
5537022	0.000
5543844	0.000
5550665	0.000
5557487	0.250
5623349	0.000
5630210	0.000
5637070	0.000
5643931	0.000
5709677	0.000
5716576	0.000
5723475	0.000
5730374	0.000
5796004	0.000
5802942	0.000
5809879	0.000
5816817	0.000
5882331	0.000
5889307	0.000
5896284	0.125
5903260	0.125
5968658	0.625
5975673	0.500
5982687	0.125
5989702	0.000
6054985	0.000
6062038	0.000
6069091	0.000
6076144	0.000
6141311	0.000
6148402	0.000
6155494	0.000
6162585	0.000
6227637	0.000
6234766	0.000
6241896	0.000
6249025	0.000
6313964	0.000
6321131	0.000
6328298	0.000
6335465	0.000
6400290	0.000
6407495	0.000
6414700	0.000
6421905	0.000
6486616	0.000
6493859	0.000
6501101	0.000
6508344	0.000
6572943	0.000
6580223	0.000
6587503	0.125
6594783	0.125
6659269	0.000
6666587	0.000
6673904	0.000
6681222	0.000
6745595	0.250
6752950	0.125
6760305	0.000
6767660	0.000
6831922	0.125
6839314	0.000
6846705	0.000
6854097	0.000
6918248	0.000
6925677	0.000
6933106	0.000
6940535	0.000
7004575	0.000
7012041	0.000
7019506	0.000
7026972	0.000
7090902	0.000
7098404	0.000
7105906	0.000
7113408	0.000
7177229	0.125
7184768	0.125
7192306	0.375
7199845	0.500
7263557	0.125
7271132	0.375
7278706	0.500
7286281	0.750
7349884	0.000
7357495	0.000
7365105	0.000
7372716	0.000
7436212	0.000
7443859	0.000
7451505	0.000
7459152	0.000
7522540	0.125
7530222	0.125
7537905	0.000
7545587	0.000
7608869	0.000
7616587	0.000
7624304	0.000
7632022	0.000
7695198	0.000
7702951	0.000
7710704	0.000
7718457	0.000
7781527	0.000
7789315	0.000
7797103	0.000
7804891	0.000
7867857	1.000
7875680	1.000
7883503	0.875
7891326	1.000
7954187	1.000
7962045	1.000
7969902	0.750
7977760	0.625
8040517	1.000
8048409	1.000
8056302	1.000
8064194	1.000
8126848	0.000
8134774	0.000
8142701	0.000
8150627	0.000
8213180	0.000
8221140	0.000
8229101	0.000
8237061	0.000
8299512	0.000
8307506	0.000
8315500	0.000
8323494	0.000
8385845	0.000
8393873	0.000
8401900	0.000
8409928	0.000
8472178	0.000
8480239	0.000
8488300	0.000
8496361	0.000
8558512	0.125
8566606	0.000
8574700	0.000
8582794	0.000
8644846	0.000
8652973	0.000
8661100	0.000
8669227	0.000
8731181	0.000
8739341	0.000
8747500	0.000
8755660	0.000
8817517	0.000
8825709	0.000
8833900	0.000
8842092	0.000
8903854	0.125
8912078	0.375
8920301	0.000
8928525	0.000
8990191	0.000
8998447	0.000
9006702	0.000
9014958	0.000
9076529	0.000
9084816	0.000
9093103	0.000
9101390	0.000
9162868	0.000
9171186	0.000
9179505	0.000
9187823	0.000
9249207	0.500
9257556	0.750
9265906	0.750
9274255	0.875
9335548	0.000
9343928	0.000
9352308	0.000
9360688	0.000
9421889	0.000
9430299	0.375
9438710	0.500
9447120	0.375
9508231	0.375
9516672	0.500
9525112	0.625
9533553	0.625
9594574	0.125
9603044	0.125
9611515	0.250
9619985	0.375
9680918	0.000
9689418	0.000
9697917	1.000
9706417	1.000
9767262	0.000
9775791	0.000
9784321	0.125
9792850	0.125
9853608	0.000
9862166	0.000
9870724	0.000
9879282	0.000
9939955	0.000
9948542	0.000
9957128	0.000
9965715	0.000
10026302	0.000
10034917	0.000
10043532	0.000
10052147	0.250
10112651	0.000
10121294	0.000
10129936	0.000
10138579	0.000
10199000	0.000
10207671	0.000
10216341	0.000
10225012	0.000
10285351	0.000
10294049	0.000
10302746	0.000
10311444	0.000
10371703	0.000
10380427	0.000
10389152	0.000
10397876	0.000
10458055	0.000
10466806	0.000
10475558	0.000
10484309	0.000
10544409	0.000
10553186	0.000
10561964	0.000
10570741	0.000
10630764	0.000
10639567	0.000
10648371	0.125
10657174	0.250
10717120	0.000
10725949	0.000
10734777	0.125
10743606	0.250
10803477	0.250
10812331	0.375
10821184	0.500
10830038	0.625
10889836	0.500
10898714	0.500
10907593	0.500
10916471	0.250
10976195	0.000
10985098	0.000
10994000	0.000
11002903	0.000
11062556	0.000
11071482	0.000
11080409	0.000
11089335	0.000
11148917	0.000
11157867	0.000
11166817	0.000
11175767	0.000
11235280	0.000
11244253	0.000
11253226	0.000
11262199	0.000
11321644	0.125
11330640	0.125
11339635	0.000
11348631	0.000
11408010	0.125
11417028	0.000
11426045	0.000
11435063	0.000
11494376	0.000
11503416	0.000
11512455	0.000
11521495	0.000
11580744	0.250
11589805	0.875
11598866	1.000
11607927	1.000
11667113	1.000
11676195	0.625
11685277	0.125
11694359	0.000
11753484	0.000
11762586	0.000
11771688	0.000
11780790	0.000
11839855	0.125
11848977	0.375
11858100	0.500
11867222	0.750
11926228	0.375
11935370	0.250
11944511	0.375
11953653	0.375
12012602	0.750
12021763	1.000
12030923	1.000
12040084	1.000
12098977	0.375
12108156	0.375
12117336	0.875
12126515	1.000
12185354	0.000
12194551	0.000
12203749	0.000
12212946	0.000
12271732	0.250
12280947	0.500
12290161	0.500
12299376	0.625
12358111	0.750
12367343	1.000
12376574	0.875
12385806	0.875
12444492	0.000
12453740	0.125
12462988	0.250
12472236	0.250
12530873	0.250
12540137	0.250
12549402	0.250
12558666	0.250
12617256	0.000
12626536	0.000
12635815	0.000
12645095	0.000
12703641	0.000
12712935	0.000
12722230	0.125
12731524	0.250
12790026	0.125
12799335	0.125
12808644	0.125
12817953	0.000
12876413	0.250
12885736	0.250
12895058	0.000
12904381	0.000
12962801	0.125
12972137	0.000
12981473	0.000
12990809	0.125
13049190	1.000
13058539	1.000
13067887	1.000
13077236	1.000
13135581	0.000
13144942	0.000
13154302	0.000
13163663	0.000
13221973	0.000
13231345	0.000
13240718	0.000
13250090	0.000
13308366	0.125
13317749	0.125
13327133	0.125
13336516	0.125
13394760	0.250
13404154	0.375
13413547	0.875
13422941	0.875
13481156	0.875
13490559	1.000
13499963	1.000
13509366	1.000
13567552	0.125
13576965	0.250
13586378	0.750
13595791	0.500
13653950	0.375
13663371	0.500
13672793	0.250
13682214	0.125
13740349	0.500
13749778	0.500
13759208	0.500
13768637	0.500
13826749	0.750
13836186	0.750
13845623	0.875
13855060	1.000
13913151	0.375
13922595	0.375
13932038	0.375
13941482	0.375
13999553	0.250
14009003	0.375
14018453	0.625
14027903	0.875
14085957	1.000
14095412	1.000
14104868	1.000
14114323	1.000
14172362	1.000
14181822	1.000
14191282	1.000
14200742	1.000
14258767	1.000
14268232	1.000
14277696	1.000
14287161	1.000
14345174	0.875
14354642	0.125
14364111	0.875
14373579	0.875
14431582	0.125
14441053	0.375
14450525	0.750
14459996	0.875
14517991	0.125
14527465	0.375
14536938	0.625
14546412	0.750
14604401	0.125
14613877	0.125
14623352	0.000
14632828	0.000
14690811	0.000
14700288	0.000
14709765	0.000
14719242	0.000
14777223	0.000
14786700	0.000
14796178	0.000
14805655	0.000
14863636	0.000
14873113	0.000
14882591	0.000
14892068	0.000
14950049	0.500
14959526	0.500
14969002	0.250
14978479	0.375
15036464	0.375
15045939	0.250
15055415	0.000
15064890	0.000
15122879	0.875
15132352	0.875
15141826	0.500
15151299	0.875
15209295	1.000
15218766	1.000
15228237	1.000
15237708	1.000
15295712	0.000
15305180	0.000
15314647	0.000
15324115	0.000
15382130	0.000
15391594	0.000
15401057	0.125
15410521	0.250
15468548	0.375
15478007	0.500
15487467	0.750
15496926	0.875
15554967	0.875
15564421	0.875
15573876	0.500
15583330	0.250
15641387	0.875
15650836	0.250
15660284	0.000
15669733	0.000
15727808	1.000
15737250	1.000
15746693	1.000
15756135	1.000
15814229	0.000
15823664	0.500
15833100	1.000
15842535	1.000
15900651	1.000
15910079	0.750
15919507	1.000
15928935	1.000
15987073	1.000
15996493	0.875
16005913	1.000
16015333	0.875
16073496	1.000
16082907	1.000
16092319	1.000
16101730	1.000
16159919	0.500
16169321	0.500
16178723	0.000
16188125	0.000
16246343	0.000
16255735	0.000
16265128	0.000
16274520	0.000
16332768	0.000
16342150	0.000
16351531	0.000
16360913	0.000
16419193	0.000
16428564	0.000
16437934	0.000
16447305	0.000
16505618	0.000
16514977	0.000
16524336	0.000
16533695	0.000
16592044	0.125
16601391	0.125
16610737	0.500
16620084	0.375
16678470	0.125
16687804	0.000
16697138	0.000
16706472	0.000
16764897	0.000
16774218	0.000
16783538	0.000
16792859	0.000
16851323	0.000
16860630	0.000
16869938	0.000
16879245	0.000
16937751	0.000
16947044	0.000
16956336	0.000
16965629	0.000
17024178	0.250
17033456	0.250
17042733	0.125
17052011	0.000
17110606	0.375
17119868	0.000
17129131	0.000
17138393	0.250
17197034	0.375
17206280	0.250
17215527	0.125
17224773	0.000
17283462	0.000
17292692	0.000
17301922	0.000
17311152	0.000
17369890	0.375
17379103	0.375
17388317	0.000
17397530	0.250
17456319	0.000
17465515	0.000
17474710	0.000
17483906	0.250
17542748	0.000
17551926	0.000
17561103	0.000
17570281	0.000
17629176	0.000
17638335	0.000
17647495	0.000
17656654	0.000
17715605	0.375
17724746	0.500
17733886	0.125
17743027	0.000
17802035	0.000
17811156	0.125
17820277	0.375
17829398	0.250
17888464	0.125
17897565	0.125
17906667	0.000
17915768	0.000
17974893	0.000
17983974	0.000
17993055	0.000
18002136	0.000
18061323	0.000
18070383	0.000
18079444	0.000
18088504	0.000
18147752	0.000
18156791	0.000
18165831	0.000
18174870	0.000
18234181	0.000
18243199	0.000
18252216	0.000
18261234	0.000
18320611	1.000
18329607	1.000
18338602	1.000
18347598	1.000
18407041	0.000
18416014	0.500
18424987	0.125
18433960	0.625
18493470	1.000
18502420	1.000
18511371	1.000
18520321	1.000
18579900	1.000
18588827	1.000
18597754	1.000
18606681	1.000
18666329	1.000
18675233	0.125
18684136	0.125
18693040	0.000
18752759	0.250
18761638	0.250
18770518	0.250
18779397	0.250
18839188	0.000
18848043	0.000
18856899	0.000
18865754	0.000
18925618	0.000
18934448	0.000
18943279	0.000
18952109	0.000
19012047	0.000
19020852	0.000
19029658	0.000
19038463	0.000
19098477	0.000
19107257	0.000
19116036	0.000
19124816	0.000
19184906	0.000
19193660	0.000
19202414	0.000
19211168	0.000
19271336	0.375
19280063	0.375
19288791	0.375
19297518	0.625
19357765	0.000
19366466	0.000
19375167	0.000
19383868	0.000
19444194	0.000
19452868	0.000
19461543	0.000
19470217	0.000
19530623	0.000
19539270	0.000
19547917	0.000
19556564	0.000
19617053	0.000
19625672	0.000
19634292	0.000
19642911	0.000
19703482	0.000
19712073	0.000
19720665	0.000
19729256	0.000
19789911	0.000
19798474	0.000
19807038	0.000
19815601	0.000
19876340	0.000
19884875	0.000
19893410	0.000
19901945	0.000
19962769	0.000
19971275	0.000
19979781	0.000
19988287	0.000
20049198	0.000
20057675	0.000
20066152	0.000
20074629	0.000
20135627	0.000
20144075	0.000
20152522	0.000
20160970	0.000
20222056	0.750
20230474	0.125
20238892	1.000
20247310	1.000
20308485	1.000
20316873	1.000
20325261	1.000
20333649	1.000
20394914	1.000
20403272	1.000
20411629	1.000
20419987	1.000
20481343	1.000
20489670	0.625
20497998	0.125
20506325	0.000
20567772	0.000
20576068	0.000
20584365	0.000
20592661	0.000
20654201	0.000
20662466	0.000
20670732	0.000
20678997	0.000
20740630	0.000
20748864	0.000
20757099	0.000
20765333	0.000
20827059	0.000
20835262	0.000
20843464	0.125
20851667	0.125
20913488	0.000
20921659	0.000
20929830	0.125
20938001	0.125
20999917	0.000
21008056	0.000
21016195	0.000
21024334	0.000
21086346	0.000
21094453	0.000
21102559	0.000
21110666	0.000
21172776	0.000
21180850	0.000
21188924	0.000
21196998	0.000
21259205	0.000
21267246	0.250
21275288	0.375
21283329	0.375
21345634	1.5
21353642	1.5
21361651	1.5
21369659	1.5
21432064	1.5
21440039	1.5
21448014	1.5
21455989	1.5
21518494	1.5
21526436	1.5
21534377	1.5
21542319	1.5
21604923	1.5
21612831	1.5
21620740	1.5
21628648	1.5
21691353	1.5
21699227	1.5
21707102	1.5
21714976	1.5
21777783	1.5
21785623	1.5
21793464	1.5
21801304	1.5
21864214	1.5
21872020	1.5
21879826	1.5
21887632	1.5
21950644	1.000
21958416	1.000
21966187	1.000
21973959	1.000
22037075	0.000
22044812	0.000
22052548	0.000
22060285	0.000
22123506	0.125
22131208	0.250
22138910	0.375
22146612	0.250
22209937	0.000
22217604	0.000
22225271	0.000
22232938	0.000
22296368	0.125
22304000	0.125
22311631	0.125
22319263	0.125
22382800	0.000
22390396	0.000
22397993	0.000
22405589	0.125
22469232	0.125
22476793	0.000
22484353	0.000
22491914	0.000
22555664	0.000
22563189	0.000
22570714	0.000
22578239	0.125
22642096	0.250
22649585	0.375
22657074	0.500
22664563	0.375
22728529	0.000
22735982	0.000
22743435	0.000
22750888	0.125
22814962	0.250
22822379	0.000
22829795	0.000
22837212	0.375
22901395	0.375
22908775	0.125
22916156	0.000
22923536	0.375
22987829	0.375
22995173	0.500
23002516	0.875
23009860	1.000
23074263	1.000
23081570	1.000
23088877	1.000
23096184	1.000
23160698	1.000
23167968	1.000
23175238	1.000
23182508	1.000
23247133	0.375
23254366	0.375
23261599	0.500
23268832	0.750
23333568	0.375
23340764	0.125
23347960	0.000
23355156	0.125
23420004	1.000
23427163	0.625
23434321	0.250
23441480	0.250
23506440	1.000
23513561	0.875
23520683	1.000
23527804	0.875
23592876	0.000
23599960	0.000
23607044	0.000
23614128	0.000
23679313	0.000
23686359	0.000
23693406	0.000
23700452	0.000
23765751	0.125
23772759	0.750
23779768	1.000
23786776	1.000
23852189	0.000
23859160	0.000
23866130	0.000
23873101	0.000
23938628	0.000
23945560	0.000
23952493	0.000
23959425	0.000
24025067	0.000
24031961	0.000
24038856	0.000
24045750	0.000
24111506	0.000
24118362	0.000
24125219	0.000
24132075	0.000
24197946	0.250
24204764	0.375
24211583	0.125
24218401	0.000
24284387	0.000
24291167	0.000
24297947	0.000
24304727	0.000
24370828	0.000
24377570	0.000
24384311	0.000
24391053	0.000
24457270	0.000
24463973	0.250
24470676	0.250
24477379	0.125
24543712	0.000
24550377	0.000
24557041	0.000
24563706	0.000
24630155	0.000
24636781	0.000
24643407	0.000
24650033	0.000
24716598	0.125
24723186	0.125
24729773	0.000
24736361	0.000
24803042	0.250
24809591	0.125
24816141	0.125
24822690	0.000
24889487	0.250
24895998	0.000
24902508	0.375
24909019	0.375
24975932	0.250
24982404	0.125
24988876	0.000
24995348	0.000
25062378	0.000
25068811	0.000
25075245	0.250
25081678	0.250
25148824	0.000
25155219	0.000
25161614	0.000
25168009	0.000
25235271	0.000
25241627	0.000
25247984	0.000
25254340	0.000
25321719	0.000
25328037	0.000
25334354	0.000
25340672	0.000
25408167	0.125
25414446	0.000
25420726	0.000
25427005	0.000
25494616	0.000
25500857	0.000
25507097	0.000
25513338	0.000
25581065	0.000
25587268	0.000
25593470	0.000
25599673	0.125
25667515	0.000
25673679	0.125
25679844	0.375
25686008	0.375
25753965	0.000
25760091	0.000
25766218	0.000
25772344	0.250
25840417	0.000
25846505	0.000
25852593	0.000
25858681	0.125
25926868	0.375
25932918	0.500
25938969	0.500
25945019	0.375
26013320	0.000
26019332	0.000
26025345	0.000
26031357	0.000
26099773	0.000
26105748	0.000
26111722	0.000
26117697	0.000
26186226	0.000
26192163	0.000
26198101	0.000
26204038	0.000
26272680	0.000
26278580	0.000
26284480	0.250
26290380	0.250
26359135	0.000
26364998	0.000
26370860	0.000
26376723	0.000
26445589	0.000
26451415	0.000
26457241	0.000
26463067	0.000
26532045	0.000
26537834	0.000
26543624	0.000
26549413	0.000
26618500	0.125
26624253	0.000
26630006	0.000
26635759	0.000
26704957	0.125
26710674	0.625
26716390	0.125
26722107	0.000
26791413	0.500
26797094	0.625
26802775	0.875
26808456	1.000
26877870	0.000
26883516	0.000
26889161	0.000
26894807	0.000
26964328	0.000
26969938	0.000
26975549	0.000
26981159	0.000
27050785	0.125
27056361	0.125
27061936	0.000
27067512	0.000
27137243	0.125
27142784	0.125
27148325	0.000
27153866	0.125
27223701	0.250
27229208	0.250
27234716	0.125
27240223	0.000
27310160	0.000
27315633	0.000
27321107	0.000
27326580	0.000
27396619	0.000
27402059	0.000
27407499	0.000
27412939	0.000
27483078	0.000
27488485	0.000
27493893	0.000
27499300	0.000
27569537	0.000
27574912	0.000
27580287	0.000
27585662	0.000
27655996	0.000
27661339	0.000
27666683	0.000
27672026	0.000
27742455	0.000
27747767	0.000
27753079	0.000
27758391	0.000
27828914	0.000
27834196	0.000
27839477	0.000
27844759	0.000
27915373	0.000
27920624	0.000
27925876	0.000
27931127	0.000
28001832	0.000
28007054	0.250
28012276	0.000
28017498	0.000
28088291	0.000
28093484	0.000
28098677	0.000
28103870	0.000
28174750	0.000
28179915	0.000
28185079	0.000
28190244	0.000
28261209	0.000
28266346	0.000
28271483	0.000
28276620	0.000
28347667	0.000
28352777	0.000
28357888	0.000
28362998	0.000
28434125	0.000
28439209	0.000
28444294	0.000
28449378	0.000
28520583	0.000
28525642	0.000
28530700	0.000
28535759	0.000
28607040	0.125
28612074	0.375
28617109	0.250
28622143	0.000
28693497	0.000
28698507	0.000
28703518	0.000
28708528	0.000
28779954	0.000
28784941	0.000
28789929	0.000
28794916	0.000
28866409	0.000
28871374	0.000
28876340	0.000
28881305	0.000
28952864	0.000
28957808	0.000
28962752	0.000
28967696	0.000
29039319	0.000
29044242	0.000
29049166	0.000
29054089	0.000
29125773	0.000
29130677	0.000
29135580	0.125
29140484	0.250
29212226	0.000
29217111	0.000
29221996	0.000
29226881	0.000
29298678	0.000
29303546	0.000
29308413	0.000
29313281	0.000
29385129	0.000
29389980	0.000
29394831	0.000
29399682	0.000
29471579	0.000
29476414	0.000
29481250	0.000
29486085	0.000
29558028	0.000
29562849	0.000
29567669	0.000
29572490	0.000
29644476	0.000
29649283	0.000
29654090	0.000
29658897	0.000
29730923	0.000
29735717	0.000
29740512	0.000
29745306	0.000
29817369	0.000
29822152	0.000
29826935	0.000
29831718	0.000
29903814	0.000
29908586	0.000
29913359	0.000
29918131	0.000
29990257	0.000
29995020	0.000
29999783	0.000
30004546	0.000
30076699	0.000
30081454	0.000
30086208	0.000
30090963	0.000
30163140	0.000
30167887	0.000
30172635	0.000
30177382	0.000
30249579	0.000
30254320	0.000
30259062	0.000
30263803	0.000
30336016	0.000
30340752	0.000
30345489	0.000
30350225	0.000
30422453	0.000
30427185	0.000
30431918	0.000
30436650	0.000
30508887	0.000
30513617	0.000
30518346	0.000
30523076	0.000
30595320	0.000
30600048	0.000
30604777	0.000
30609505	0.000
30681752	0.000
30686480	0.000
30691207	0.125
30695935	0.125
30768181	0.000
30772909	0.125
30777638	0.125
30782366	0.000
30854609	0.000
30859339	0.000
30864070	0.000
30868800	0.000
30941036	0.000
30945769	0.000
30950502	0.000
30955235	0.000
31027460	0.000
31032197	0.000
31036935	0.000
31041672	0.000
31113883	0.000
31118625	0.000
31123368	0.000
31128110	0.000
31200303	0.000
31205052	0.000
31209801	0.000
31214550	0.000
31286722	0.000
31291478	0.000
31296235	0.000
31300991	0.000
31373139	0.375
31377904	0.500
31382669	0.375
31387434	0.250
31459555	0.000
31464330	0.000
31469104	0.000
31473879	0.000
31545971  0.000
31550759  0.000
31555547  0.000
31560335  0.000
31632382  0.000
31637182  0.000
31641983  0.000
31646783  0.000
31718791  0.000
31723604  0.000
31728418  0.000
31733231  0.000
31805198  0.000
31810026  0.000
31814853  0.000
31819681  0.000
31891603  0.000
31896446  0.000
31901288  0.000
31906131  0.000
31978006  0.000
31982865  0.125
31987724  0.125
31992583  0.250
32064407  0.000
32069283  0.000
32074160  0.000
32079036  0.000
32150806  0.000
32155701  0.000
32160595  0.000
32165490  0.000
32237204  0.000
32242117  0.000
32247031  0.000
32251944  0.000
32323599  0.000
32328533  0.000
32333466  0.000
32338400  0.000
32409992  0.000
32414947  0.000
32419901  0.000
32424856  0.000
32496384  0.000
32501360  0.000
32506337  0.000
32511313  0.000
32582773  0.000
32587772  0.000
32592772  0.000
32597771  0.000
32669161  0.000
32674184  0.000
32679206  0.000
32684229  0.000
32755547  0.000
32760594  0.000
32765641  0.000
32770688  0.000
32841930  0.000
32847003  0.000
32852075  0.000
32857148  0.000
32928312  0.000
32933411  0.000
32938509  0.000
32943608  0.000
33014692  0.000
33019817  0.000
33024943  0.000
33030068  0.000
33101071  0.000
33106223  0.000
33111376  0.000
33116528  0.000
33187447  0.000
33192628  0.000
33197808  0.000
33202989  0.000
33273822  0.000
33279032  0.000
33284241  0.000
33289451  0.000
33360195  0.000
33365434  0.000
33370673  0.000
33375912  0.000
33446566  0.000
33451835  0.000
33457105  0.000
33462374  0.000
33532935  0.250
33538235  0.500
33543535  0.500
33548835  0.625
33619303  0.125
33624634  0.000
33629966  0.000
33635297  0.000
33705670  0.125
33711033  0.000
33716396  0.000
33721759  0.000
33792034  0.125
33797429  0.000
33802825  0.000
33808220  0.000
33878397  0.000
33883825  0.000
33889254  0.000
33894682  0.000
33964759  0.000
33970220  0.000
33975682  0.000
33981143  0.000
34051119  0.000
34056614  0.000
34062110  0.000
34067605  0.000
34137477  0.250
34143007  0.125
34148536  0.125
34154066  0.250
34223834  0.125
34229398  0.000
34234963  0.000
34240527  0.000
34310190  0.000
34315789  0.000
34321389  0.000
34326988  0.125
34396544  0.000
34402179  0.000
34407813  0.000
34413448  0.000
34482897  0.000
34488567  0.000
34494238  0.000
34499908  0.000
34569248  0.000
34574955  0.000
34580661  0.000
34586368  0.000
34655598  0.000
34661341  0.000
34667085  0.000
34672828  0.000
34741947  0.000
34747727  0.000
34753507  0.000
34759287  0.000
34828295  0.000
34834112  0.000
34839928  0.000
34845745  0.000
34914641  0.000
34920495  0.000
34926350  0.000
34932204  0.000
35000987  0.000
35006879  0.000
35012770  0.000
35018662  0.000
35087331  0.000
35093260  0.000
35099190  0.000
35105119  0.000
35173674  0.000
35179641  0.000
35185609  0.000
35191576  0.000
35260017  0.000
35266022  0.000
35272027  0.000
35278032  0.000
35346358  0.250
35352401  0.125
35358445  0.375
35364488  0.375
35432698  0.000
35438780  0.000
35444861  0.000
35450943  0.000
35519037  0.000
35525157  0.000
35531278  0.000
35537398  0.000
35605375  0.250
35611534  0.250
35617693  0.250
35623852  0.250
35691713  0.000
35697911  0.000
35704108  0.000
35710306  0.000
35778050  0.000
35784286  0.000
35790523  0.000
35796759  0.000
35864385  0.000
35870661  0.000
35876936  0.000
35883212  0.000
35950720  0.000
35957035  0.000
35963349  0.000
35969664  0.000
36037055  0.000
36043408  0.000
36049762  0.000
36056115  0.000
36123388  0.000
36129781  0.000
36136173  0.375
36142566  0.625
36209721  0.375
36216153  0.375
36222584  0.625
36229016  0.375
36296054  0.125
36302525  0.125
36308995  0.125
36315466  0.125
36382385  0.000
36388895  0.000
36395405  0.000
36401915  0.000
36468717  0.000
36475266  0.000
36481814  0.000
36488363  0.000
36555047  0.000
36561635  0.000
36568223  0.000
36574811  0.000
36641377  0.000
36648004  0.000
36654632  0.000
36661259  0.000
36727707  0.000
36734373  0.000
36741039  0.000
36747705  0.000
36814036  0.250
36820741  0.125
36827447  0.125
36834152  0.250
36900365  0.500
36907109  0.125
36913853  0.125
36920597  0.125
36986693  0.250
36993476  0.125
37000259  0.000
37007042  0.000
37073022  0.000
37079844  0.000
37086665  0.000
37093487  0.000
37159349  0.000
37166210  0.000
37173070  0.000
37179931  0.000
37245677  0.000
37252576  0.000
37259475  0.000
37266374  0.000
37332004  0.000
37338942  0.000
37345879  0.000
37352817  0.000
37418331  0.000
37425307  0.000
37432284  0.000
37439260  0.000
37504658  0.000
37511673  0.000
37518687  0.000
37525702  0.000
37590985  0.000
37598038  0.000
37605091  0.000
37612144  0.000
37677311  0.000
37684402  0.000
37691494  0.000
37698585  0.000
37763637  0.000
37770766  0.000
37777896  0.000
37785025  0.000
37849964  0.500
37857131  0.375
37864298  0.250
37871465  0.125
37936290  0.000
37943495  0.000
37950700  0.000
37957905  0.000
38022616  0.500
38029859  0.500
38037101  0.500
38044344  0.500
38108943  0.250
38116223  0.375
38123503  0.250
38130783  0.250
38195269  0.000
38202587  0.000
38209904  0.375
38217222  0.250
38281595  0.500
38288950  0.500
38296305  0.625
38303660  0.375
38367922  1.000
38375314  1.000
38382705  1.000
38390097  1.000
38454248  0.250
38461677  0.125
38469106  0.000
38476535  0.000
38540575  0.000
38548041  0.000
38555506  0.000
38562972  0.000
38626902  0.000
38634404  0.000
38641906  0.125
38649408  0.375
38713229  0.125
38720768  0.375
38728306  0.125
38735845  0.000
38799557  0.000
38807132  0.000
38814706  0.000
38822281  0.000
38885884  0.000
38893495  0.000
38901105  0.000
38908716  0.000
38972212  0.000
38979859  0.000
38987505  0.000
38995152  0.000
39058540  0.000
39066222  0.000
39073905  0.000
39081587  0.000
39144869  0.000
39152587  0.000
39160304  0.000
39168022  0.000
39231198  0.000
39238951  0.000
39246704  0.000
39254457  0.000
39317527  0.000
39325315  0.000
39333103  0.000
39340891  0.000
39403857  0.000
39411680  0.000
39419503  0.000
39427326  0.000
39490187  0.000
39498045  0.000
39505902  0.000
39513760  0.000
39576517  0.000
39584409  0.000
39592302  0.000
39600194  0.000
39662848  0.000
39670774  0.000
39678701  0.000
39686627  0.000
39749180  0.000
39757140  0.000
39765101  0.000
39773061  0.000
39835512  0.000
39843506  0.000
39851500  0.000
39859494  0.000
39921845  0.000
39929873  0.000
39937900  0.000
39945928  0.000
40008178  0.000
40016239  0.000
40024300  0.000
40032361  0.000
40094512  0.000
40102606  0.000
40110700  0.000
40118794  0.000
40180846  0.000
40188973  0.000
40197100  0.000
40205227  0.000
40267181  0.000
40275341  0.000
40283500  0.000
40291660  0.000
40353517  0.000
40361709  0.000
40369900  0.000
40378092  0.000
40439854  0.000
40448078  0.000
40456301  0.000
40464525  0.000
40526191  0.000
40534447  0.000
40542702  0.000
40550958  0.000
40612529  0.000
40620816  0.000
40629103  0.000
40637390  0.000
40698868  0.000
40707186  0.000
40715505  0.000
40723823  0.125
40785207  0.125
40793556  0.000
40801906  0.000
40810255  0.000
40871548  0.125
40879928  0.000
40888308  0.000
40896688  0.250
40957889  0.250
40966299  0.375
40974710  0.750
40983120  1.000
41044231  0.125
41052672  0.125
41061112  0.125
41069553  0.125
41130574  0.250
41139044  0.125
41147515  0.000
41155985  0.000
41216918  0.125
41225418  0.000
41233917  0.000
41242417  0.000
41303262  0.000
41311791  0.000
41320321  0.125
41328850  0.125
41389608  0.125
41398166  0.125
41406724  0.250
41415282  0.250
41475955  0.125
41484542  0.000
41493128  0.000
41501715  0.000
41562302  0.125
41570917  0.250
41579532  0.375
41588147  0.375
41648651  0.125
41657294  0.000
41665936  0.000
41674579  0.000
41735000  0.000
41743671  0.000
41752341  0.000
41761012  0.000
41821351  0.000
41830049  0.000
41838746  0.000
41847444  0.000
41907703  0.000
41916427  0.000
41925152  0.000
41933876  0.000
41994055  0.000
42002806  0.000
42011558  0.000
42020309  0.000
42080409  0.000
42089186  0.000
42097964  0.000
42106741  0.000
42166764  0.000
42175567  0.000
42184371  0.000
42193174  0.000
42253120  0.000
42261949  0.000
42270777  0.000
42279606  0.000
42339477  0.000
42348331  0.000
42357184  0.000
42366038  0.250
42425836  0.250
42434714  0.000
42443593  0.000
42452471  0.000
42512195  0.000
42521098  0.000
42530000  0.000
42538903  0.000
42598556  0.125
42607482  0.625
42616409  0.250
42625335  0.250
42684917  1.000
42693867  0.750
42702817  0.500
42711767  0.625
42771280  1.000
42780253  0.750
42789226  0.750
42798199  1.000
42857644  0.250
42866640  0.000
42875635  0.000
42884631  0.000
42944010  0.000
42953028  0.000
42962045  0.000
42971063  0.000
43030376  0.125
43039416  0.000
43048455  0.000
43057495  0.000
43116744  0.750
43125805  0.875
43134866  1.000
43143927  1.000
43203113  0.500
43212195  0.500
43221277  0.875
43230359  0.375
43289484  1.000
43298586  1.000
43307688  1.000
43316790  1.000
43375855  0.875
43384977  0.875
43394100  0.875
43403222  0.375
43462228  0.125
43471370  0.000
43480511  0.000
43489653  0.000
43548602  0.875
43557763  1.000
43566923  0.750
43576084  0.250
43634977  0.000
43644156  0.000
43653336  0.250
43662515  0.375
43721354  0.875
43730551  0.875
43739749  0.875
43748946  0.875
43807732  0.000
43816947  0.000
43826161  0.000
43835376  0.375
43894111  1.000
43903343  1.000
43912574  1.000
43921806  1.000
43980492  1.000
43989740  1.000
43998988  1.000
44008236  1.000
44066873  1.000
44076137  1.000
44085402  1.000
44094666  1.000
44153256  0.625
44162536  0.625
44171815  1.000
44181095  1.000
44239641  1.000
44248935  1.000
44258230  1.000
44267524  1.000
44326026  1.000
44335335  1.000
44344644  1.000
44353953  1.000
44412413  0.500
44421736  0.375
44431058  0.625
44440381  0.625
44498801  0.625
44508137  0.375
44517473  0.000
44526809  0.250
44585190  0.125
44594539  0.000
44603887  0.125
44613236  0.375
44671581  0.750
44680942  0.750
44690302  1.000
44699663  1.000
44757973  1.000
44767345  1.000
44776718  1.000
44786090  1.000
44844366  1.000
44853749  1.000
44863133  1.000
44872516  1.000
44930760  0.500
44940154  0.125
44949547  0.000
44958941  0.125
45017156  0.125
45026559  0.125
45035963  0.125
45045366  0.125
45103552  0.125
45112965  0.000
45122378  0.250
45131791  0.875
45189950  1.5
45199371  1.5
45208793  1.5
45218214  1.5
45276349  1.5
45285778  1.5
45295208  1.5
45304637  1.5
45362749  1.5
45372186  1.5
45381623  1.5
45391060  1.5
45449151  1.5
45458595  1.5
45468038  1.5
45477482  1.5
45535553  1.5
45545003  1.5
45554453  1.5
45563903  1.5
45621957  1.5
45631412  1.5
45640868  1.5
45650323  1.5
45708362  1.5
45717822  1.5
45727282  1.5
45736742  1.5
45794767  1.5
45804232  1.5
45813696  1.5
45823161  1.5
45881174  1.5
45890642  1.5
45900111  1.5
45909579  1.5
45967582  1.5
45977053  1.5
45986525  1.5
45995996  1.5
46053991  1.5
46063465  1.5
46072938  1.5
46082412  1.5
46140401  1.5
46149877  1.5
46159352  1.5
46168828  1.5
46226811  1.5
46236288  1.5
46245765  1.5
46255242  1.5
46313223  1.5
46322700  1.5
46332178  1.5
46341655  1.5
46399636  1.000
46409113  1.000
46418591  1.000
46428068  1.000
46486049  1.000
46495526  1.000
46505002  0.125
46514479  0.000
46572464  0.000
46581939  0.000
46591415  0.125
46600890  0.125
46658879  1.000
46668352  0.875
46677826  0.125
46687299  0.000
46745295  0.000
46754766  0.000
46764237  0.000
46773708  0.000
46831712  0.000
46841180  0.000
46850647  0.000
46860115  0.000
46918130  0.000
46927594  0.000
46937057  0.000
46946521  0.000
47004548  0.000
47014007  0.000
47023467  0.000
47032926  0.000
47090967  0.000
47100421  0.000
47109876  0.000
47119330  0.000
47177387  0.125
47186836  0.000
47196284  0.000
47205733  0.000
47263808  0.125
47273250  0.000
47282693  0.000
47292135  0.000
47350229  0.250
47359664  0.000
47369100  0.000
47378535  0.000
47436651  0.000
47446079  0.375
47455507  0.500
47464935  0.750
47523073  0.875
47532493  0.250
47541913  0.125
47551333  0.000
47609496  0.000
47618907  0.375
47628319  0.500
47637730  0.375
47695919  0.500
47705321  0.500
47714723  0.625
47724125  0.625
47782343  0.625
47791735  0.500
47801128  0.375
47810520  0.375
47868768  0.375
47878150  1.000
47887531  1.000
47896913  1.000
47955193  1.000
47964564  1.000
47973934  1.000
47983305  1.000
48041618  1.000
48050977  1.000
48060336  1.000
48069695  1.000
48128044  1.000
48137391  0.000
48146737  0.000
48156084  0.000
48214470  0.000
48223804  0.000
48233138  0.000
48242472  0.000
48300897  0.000
48310218  0.875
48319538  0.750
48328859  0.500
48387323  0.250
48396630  0.125
48405938  0.000
48415245  0.000
48473751  0.000
48483044  0.125
48492336  0.250
48501629  0.250
48560178  0.500
48569456  0.250
48578733  0.375
48588011  0.500
48646606  0.625
48655868  0.500
48665131  0.500
48674393  0.250
48733034  0.250
48742280  0.000
48751527  0.125
48760773  0.250
48819462  0.125
48828692  0.250
48837922  0.375
48847152  0.625
48905890  0.625
48915103  0.375
48924317  0.750
48933530  0.750
48992319  1.000
49001515  0.125
49010710  0.000
49019906  0.000
49078748  0.125
49087926  0.250
49097103  0.500
49106281  0.625
49165176  0.250
49174335  0.750
49183495  0.500
49192654  0.750
49251605  0.625
49260746  0.625
49269886  0.500
49279027  0.750
49338035  0.875
49347156  0.625
49356277  0.375
49365398  0.375
49424464  0.375
49433565  0.750
49442667  0.625
49451768  0.500
49510893  0.500
49519974  0.500
49529055  0.375
49538136  0.250
49597323  0.125
49606383  0.625
49615444  0.875
49624504  1.000
49683752  1.000
49692791  1.000
49701831  1.000
49710870  1.000
49770181  1.000
49779199  1.000
49788216  1.000
49797234  1.000
49856611  1.000
49865607  1.000
49874602  1.000
49883598  1.000
49943041  1.000
49952014  0.000
49960987  0.000
49969960  0.000
50029470  0.000
50038420  0.125
50047371  0.000
50056321  0.000
50115900  0.000
50124827  0.000
50133754  0.125
50142681  0.375
50202329  0.625
50211233  0.000
50220136  0.000
50229040  0.000
50288759  0.250
50297638  0.125
50306518  0.000
50315397  0.000
50375188  0.125
50384043  0.250
50392899  0.000
50401754  0.000
50461618  0.000
50470448  0.125
50479279  0.000
50488109  0.125
50548047  0.000
50556852  0.125
50565658  0.000
50574463  0.000
50634477  0.000
50643257  0.000
50652036  0.000
50660816  0.000
50720906  0.000
50729660  0.000
50738414  0.000
50747168  0.125
50807336  0.250
50816063  0.375
50824791  0.500
50833518  0.375
50893765  0.625
50902466  0.125
50911167  1.000
50919868  0.875
50980194  0.750
50988868  1.000
50997543  1.000
51006217  1.000
51066623  1.000
51075270  1.000
51083917  1.000
51092564  1.000
51153053  1.000
51161672  1.000
51170292  1.000
51178911  1.000
51239482  1.000
51248073  1.000
51256665  1.000
51265256  1.000
51325911  1.000
51334474  1.000
51343038  1.000
51351601  1.000
51412340  1.000
51420875  0.125
51429410  0.125
51437945  0.125
51498769  0.125
51507275  0.000
51515781  0.375
51524287  0.500
51585198  0.500
51593675  0.375
51602152  0.625
51610629  0.500
51671627  1.000
51680075  0.250
51688522  0.000
51696970  0.000
51758056  0.250
51766474  0.375
51774892  0.250
51783310  0.375
51844485  0.625
51852873  0.375
51861261  0.500
51869649  0.125
51930914  0.000
51939272  0.125
51947629  0.250
51955987  0.125
52017343  0.125
52025670  0.125
52033998  0.000
52042325  0.000
52103772  0.125
52112068  0.125
52120365  0.000
52128661  0.000
52190201  0.125
52198466  0.000
52206732  0.000
52214997  0.000
52276630  0.250
52284864  0.500
52293099  0.625
52301333  0.625
52363059  1.000
52371262  1.000
52379464  1.000
52387667  1.000
52449488  1.000
52457659  0.875
52465830  0.625
52474001  0.500
52535917  0.125
52544056  1.000
52552195  1.000
52560334  1.000
52622346  1.000
52630453  1.000
52638559  1.000
52646666  1.000
52708776  1.000
52716850  1.000
52724924  1.000
52732998  1.000
52795205  1.000
52803246  1.000
52811288  0.875
52819329  0.875
52881634  0.750
52889642  1.000
52897651  0.750
52905659  0.500
52968064  0.250
52976039  0.000
52984014  0.000
52991989  0.250
53054494  0.750
53062436  0.250
53070377  1.000
53078319  1.000
53140923  1.000
53148831  0.000
53156740  0.625
53164648  0.375
53227353  0.250
53235227  0.000
53243102  0.000
53250976  0.000
53313783  0.000
53321623  0.500
53329464  0.750
53337304  0.875
53400214  1.000
53408020  0.000
53415826  0.000
53423632  0.000
53486644  0.000
53494416  0.000
53502187  0.000
53509959  0.125
53573075  0.250
53580812  0.000
53588548  0.000
53596285  0.000
53659506  0.000
53667208  0.000
53674910  0.000
53682612  0.000
53745937  0.000
53753604  0.000
53761271  0.000
53768938  0.000
53832368  0.000
53840000  0.000
53847631  0.000
53855263  0.125
53918800  0.125
53926396  0.125
53933993  0.625
53941589  0.500
54005232  0.750
54012793  1.000
54020353  1.000
54027914  1.000
54091664  1.000
54099189  0.625
54106714  0.500
54114239  0.250
54178096  0.125
54185585  0.000
54193074  0.125
54200563  0.250
54264529  0.000
54271982  0.000
54279435  0.000
54286888  0.000
54350962  0.000
54358379  0.000
54365795  0.000
54373212  0.000
54437395  0.000
54444775  0.000
54452156  0.000
54459536  0.000
54523829  0.000
54531173  0.375
54538516  0.375
54545860  0.375
54610263  0.500
54617570  0.125
54624877  0.500
54632184  0.750
54696698  0.750
54703968  1.000
54711238  1.000
54718508  1.000
54783133  1.000
54790366  0.000
54797599  0.250
54804832  0.625
54869568  0.500
54876764  0.000
54883960  0.000
54891156  0.125
54956004  0.250
54963163  0.750
54970321  0.250
54977480  0.375
55042440  0.500
55049561  0.000
55056683  0.000
55063804  0.000
55128876  0.000
55135960  1.000
55143044  1.000
55150128  1.000
55215313  0.750
55222359  0.750
55229406  0.750
55236452  0.875
55301751  1.000
55308759  1.000
55315768  1.000
55322776  1.000
55388189  0.125
55395160  0.125
55402130  0.000
55409101  0.000
55474628  0.125
55481560  0.000
55488493  0.125
55495425  0.000
55561067  0.000
55567961  0.000
55574856  0.000
55581750  0.125
55647506  0.250
55654362  0.375
55661219  0.750
55668075  1.000
55733946  0.250
55740764  0.125
55747583  0.125
55754401  0.625
55820387  1.000
55827167  1.000
55833947  0.750
55840727  0.500
55906828  0.000
55913570  0.250
55920311  0.500
55927053  0.250
55993270  0.125
55999973  0.125
56006676  0.125
56013379  0.125
56079712  0.125
56086377  0.875
56093041  1.000
56099706  1.000
56166155  1.000
56172781  1.000
56179407  1.000
56186033  1.000
56252598  1.000
56259186  1.000
56265773  1.000
56272361  1.000
56339042  1.000
56345591  0.125
56352141  0.125
56358690  0.125
56425487  1.000
56431998  1.000
56438508  0.750
56445019  0.125
56511932  0.000
56518404  0.000
56524876  0.000
56531348  0.000
56598378  1.000
56604811  1.000
56611245  1.000
56617678  1.000
56684824  0.125
56691219  0.000
56697614  0.000
56704009  0.000
56771271  0.500
56777627  0.375
56783984  0.250
56790340  0.000
56857719  0.125
56864037  0.000
56870354  0.000
56876672  0.125
56944167  0.000
56950446  0.000
56956726  0.000
56963005  0.000
57030616  0.000
57036857  0.000
57043097  0.000
57049338  0.000
57117065  0.000
57123268  0.000
57129470  0.000
57135673  0.000
57203515  0.000
57209679  0.000
57215844  0.000
57222008  0.250
57289965  0.000
57296091  0.000
57302218  0.000
57308344  0.000
57376417  0.000
57382505  0.000
57388593  0.000
57394681  0.125
57462868  0.000
57468918  0.000
57474969  0.000
57481019  0.000
57549320  0.000
57555332  0.000
57561345  0.000
57567357  0.000
57635773  0.000
57641748  0.000
57647722  0.000
57653697  0.000
57722226  0.125
57728163  0.000
57734101  0.000
57740038  0.000
57808680  0.125
57814580  0.000
57820480  0.000
57826380  0.375
57895135  0.500
57900998  0.750
57906860  0.500
57912723  0.500
57981589  0.000
57987415  0.625
57993241  0.250
57999067  0.500
58068045  1.000
58073834  1.000
58079624  1.000
58085413  1.000
58154500  1.000
58160253  1.000
58166006  1.000
58171759  1.000
58240957  0.500
58246674  0.250
58252390  0.125
58258107  0.000
58327413  0.125
58333094  0.250
58338775  0.125
58344456  0.250
58413870  0.000
58419516  0.000
58425161  0.000
58430807  0.000
58500328  0.000
58505938  0.000
58511549  0.000
58517159  0.000
58586785  0.000
58592361  0.000
58597936  0.000
58603512  0.000
58673243  0.875
58678784  0.875
58684325  0.875
58689866  0.875
58759701  0.000
58765208  0.000
58770716  0.000
58776223  0.000
58846160  0.000
58851633  0.000
58857107  0.000
58862580  0.000
58932619  0.000
58938059  0.000
58943499  0.000
58948939  0.000
59019078  0.125
59024485  0.250
59029893  0.500
59035300  0.125
59105537  0.000
59110912  0.000
59116287  0.000
59121662  0.000
59191996  0.125
59197339  0.125
59202683  0.375
59208026  0.500
59278455  0.875
59283767  0.875
59289079  0.875
59294391  0.875
59364914  0.000
59370196  0.000
59375477  0.000
59380759  0.000
59451373  0.000
59456624  0.000
59461876  0.000
59467127  0.000
59537832  0.000
59543054  0.000
59548276  0.000
59553498  0.000
59624291  0.000
59629484  0.000
59634677  0.000
59639870  0.000
59710750  0.250
59715915  0.125
59721079  0.000
59726244  0.125
59797209  0.625
59802346  0.625
59807483  0.625
59812620  0.625
59883667  0.000
59888777  0.000
59893888  0.000
59898998  0.000
59970125  0.000
59975209  0.000
59980294  0.000
59985378  0.000
60056583  0.000
60061642  0.000
60066700  0.000
60071759  0.000
60143040  0.000
60148074  0.000
60153109  0.000
60158143  0.000
60229497  0.000
60234507  0.000
60239518  0.000
60244528  0.000
60315954  0.000
60320941  0.000
60325929  0.000
60330916  0.000
60402409  0.000
60407374  0.250
60412340  0.375
60417305  0.125
60488864  0.000
60493808  0.000
60498752  0.000
60503696  0.000
60575319  0.000
60580242  0.000
60585166  0.000
60590089  0.000
60661773  0.000
60666677  0.000
60671580  0.000
60676484  0.000
60748226  0.000
60753111  0.000
60757996  0.000
60762881  0.000
60834678  0.000
60839546  0.000
60844413  0.000
60849281  0.000
60921129  0.125
60925980  0.125
60930831  0.125
60935682  0.125
61007579  0.250
61012414  0.625
61017250  0.750
61022085  1.000
61094028  0.250
61098849  0.500
61103669  0.750
61108490  1.000
61180476  1.000
61185283  1.000
61190090  1.000
61194897  1.000
61266923  1.000
61271717  1.000
61276512  1.000
61281306  1.000
61353369  0.000
61358152  0.000
61362935  0.000
61367718  0.000
61439814  0.000
61444586  0.000
61449359  0.125
61454131  0.125
61526257  0.000
61531020  0.125
61535783  0.125
61540546  0.125
61612699  0.000
61617454  0.000
61622208  0.000
61626963  0.000
61699140  0.000
61703887  0.000
61708635  0.000
61713382  0.000
61785579  0.000
61790320  0.000
61795062  0.000
61799803  0.000
61872016  0.000
61876752  0.000
61881489  0.000
61886225  0.000
61958453  0.000
61963185  0.000
61967918  0.000
61972650  0.000
62044887  1.000
62049617  1.000
62054346  1.000
62059076  1.000
62131320  1.000
62136048  0.875
62140777  0.875
62145505  0.875
62217752  0.000
62222480  0.000
62227207  0.000
62231935  0.000
62304181  0.000
62308909  0.000
62313638  0.000
62318366  0.000
62390609  0.000
62395339  0.000
62400070  0.000
62404800  0.000
62477036  0.000
62481769  0.000
62486502  0.000
62491235  0.000
62563460  0.125
62568197  0.000
62572935  0.000
62577672  0.125
62649883  0.000
62654625  0.000
62659368  0.000
62664110  0.000
62736303  0.125
62741052  0.000
62745801  0.000
62750550  0.000
62822722  0.000
62827478  0.125
62832235  0.000
62836991  0.125
62909139  0.500
62913904  0.375
62918669  0.500
62923434  0.750
62995555  0.000
63000330  0.000
63005104  0.000
63009879  0.000
63081971  0.000
63086759  0.000
63091547  0.000
63096335  0.000
63168382  0.000
63173182  0.000
63177983  0.000
63182783  0.000
63254791  0.000
63259604  0.000
63264418  0.000
63269231  0.000
63341198  0.000
63346026  0.000
63350853  0.000
63355681  0.000
63427603  0.000
63432446  0.000
63437288  0.000
63442131  0.000
63514006  0.000
63518865  0.000
63523724  0.000
63528583  0.000
63600407  0.000
63605283  0.000
63610160  0.000
63615036  0.000
63686806  0.000
63691701  0.000
63696595  0.000
63701490  0.000
63773204  0.000
63778117  0.000
63783031  0.000
63787944  0.000
63859599  0.000
63864533  0.000
63869466  0.000
63874400  0.000
63945992  0.000
63950947  0.000
63955901  0.000
63960856  0.000
64032384  0.000
64037360  0.000
64042337  0.000
64047313  0.000
64118773  1.000
64123772  1.000
64128772  1.000
64133771  0.375
64205161  0.000
64210184  0.000
64215206  0.000
64220229  0.125
64291547  0.625
64296594  0.625
64301641  0.875
64306688  1.000
64377930  0.500
64383003  0.375
64388075  0.000
64393148  0.000
64464312  0.000
64469411  0.000
64474509  0.000
64479608  0.000
64550692  0.000
64555817  0.000
64560943  0.000
64566068  0.000
64637071  0.000
64642223  0.000
64647376  0.000
64652528  0.000
64723447  0.000
64728628  0.000
64733808  0.250
64738989  0.375
64809822  0.000
64815032  0.000
64820241  0.000
64825451  0.000
64896195  0.000
64901434  0.000
64906673  0.000
64911912  0.000
64982566  0.000
64987835  0.000
64993105  0.000
64998374  0.000
65068935  0.000
65074235  0.000
65079535  0.000
65084835  0.000
65155303  0.000
65160634  0.000
65165966  0.000
65171297  0.000
65241670  0.000
65247033  0.000
65252396  0.000
65257759  0.000
65328034  0.000
65333429  0.000
65338825  0.000
65344220  0.000
65414397  0.000
65419825  0.000
65425254  0.000
65430682  0.000
65500759  0.000
65506220  0.000
65511682  0.000
65517143  0.000
65587119  0.000
65592614  0.000
65598110  0.000
65603605  0.000
65673477  0.375
65679007  0.000
65684536  0.000
65690066  0.000
65759834  0.125
65765398  0.000
65770963  0.000
65776527  0.000
65846190  0.000
65851789  0.000
65857389  0.000
65862988  0.000
65932544  0.000
65938179  0.000
65943813  0.000
65949448  0.000
66018897  0.000
66024567  0.000
66030238  0.000
66035908  0.000
66105248  0.000
66110955  0.000
66116661  0.000
66122368  0.000
66191598  0.000
66197341  0.000
66203085  0.000
66208828  0.000
66277947  0.000
66283727  0.000
66289507  0.000
66295287  0.000
66364295  0.000
66370112  0.000
66375928  0.000
66381745  0.000
66450641  0.000
66456495  0.000
66462350  0.000
66468204  0.000
66536987  0.500
66542879  0.125
66548770  0.000
66554662  0.000
66623331  0.000
66629260  0.000
66635190  0.000
66641119  0.000
66709674  0.000
66715641  0.000
66721609  0.000
66727576  0.000
66796017  0.000
66802022  0.000
66808027  0.000
66814032  0.000
66882358  0.000
66888401  0.000
66894445  0.000
66900488  0.000
66968698  0.000
66974780  0.000
66980861  0.000
66986943  0.000
67055037  0.375
67061157  0.375
67067278  0.125
67073398  0.250
67141375  0.000
67147534  0.000
67153693  0.250
67159852  0.375
67227713  0.000
67233911  0.000
67240108  0.000
67246306  0.000
67314050  0.000
67320286  0.000
67326523  0.000
67332759  0.000
67400385  0.000
67406661  0.000
67412936  0.000
67419212  0.000
67486720  0.000
67493035  0.000
67499349  0.000
67505664  0.000
67573055  0.000
67579408  0.000
67585762  0.000
67592115  0.000
67659388  0.125
67665781  0.250
67672173  0.625
67678566  0.125
67745721  0.125
67752153  0.000
67758584  0.000
67765016  0.000
67832054  0.500
67838525  0.250
67844995  0.125
67851466  0.000
67918385  0.875
67924895  0.375
67931405  0.125
67937915  1.000
68004717  0.000
68011266  0.000
68017814  0.000
68024363  0.000
68091047  0.000
68097635  0.000
68104223  0.000
68110811  0.000
68177377  0.000
68184004  0.000
68190632  0.000
68197259  0.000
68263707  0.000
68270373  0.000
68277039  0.000
68283705  0.000
68350036  0.000
68356741  0.000
68363447  0.000
68370152  0.000
68436365  0.000
68443109  0.000
68449853  0.000
68456597  0.000
68522693  0.000
68529476  0.000
68536259  0.000
68543042  0.000
68609022  0.000
68615844  0.000
68622665  0.000
68629487  0.000
68695349  0.000
68702210  0.000
68709070  0.000
68715931  0.000
68781677  0.250
68788576  0.125
68795475  0.250
68802374  0.375
68868004  0.000
68874942  0.000
68881879  0.000
68888817  0.000
68954331  0.000
68961307  0.000
68968284  0.000
68975260  0.000
69040658  0.000
69047673  0.000
69054687  0.000
69061702  0.000
69126985  0.000
69134038  0.000
69141091  0.000
69148144  0.125
69213311  0.000
69220402  0.000
69227494  0.000
69234585  0.000
69299637  0.000
69306766  0.000
69313896  0.000
69321025  0.000
69385964  0.000
69393131  0.000
69400298  0.000
69407465  0.000
69472290  0.000
69479495  0.000
69486700  0.000
69493905  0.000
69558616  0.000
69565859  0.000
69573101  0.000
69580344  0.000
69644943  0.000
69652223  0.000
69659503  0.000
69666783  0.000
69731269  0.000
69738587  0.000
69745904  0.125
69753222  0.375
69817595  0.000
69824950  0.000
69832305  0.000
69839660  0.000
69903922  0.000
69911314  0.000
69918705  0.000
69926097  0.000
69990248  0.000
69997677  0.000
70005106  0.000
70012535  0.000
70076575  0.000
70084041  0.000
70091506  0.000
70098972  0.000
70162902  0.000
70170404  0.000
70177906  0.000
70185408  0.000
70249229  0.000
70256768  0.000
70264306  0.000
70271845  0.000
70335557  0.000
70343132  0.000
70350706  0.000
70358281  0.000
70421884  0.000
70429495  0.000
70437105  0.000
70444716  0.000
70508212  0.250
70515859  0.500
70523505  0.625
70531152  0.625
70594540  0.000
70602222  0.000
70609905  0.000
70617587  0.000
70680869  0.000
70688587  0.000
70696304  0.000
70704022  0.000
70767198  0.000
70774951  0.000
70782704  0.000
70790457  0.000
70853527  0.625
70861315  0.375
70869103  0.250
70876891  0.500
70939857  1.000
70947680  1.000
70955503  0.875
70963326  0.750
71026187  0.000
71034045  0.000
71041902  0.000
71049760  0.000
71112517  0.000
71120409  0.000
71128302  0.000
71136194  0.000
71198848  0.000
71206774  0.000
71214701  0.000
71222627  0.000
71285180  0.000
71293140  0.000
71301101  0.000
71309061  0.000
71371512  0.000
71379506  0.000
71387500  0.000
71395494  0.000
71457845  0.125
71465873  0.250
71473900  0.250
71481928  0.625
71544178  0.625
71552239  0.500
71560300  0.250
71568361  0.250
71630512  0.000
71638606  0.000
71646700  0.000
71654794  0.000
71716846  0.125
71724973  0.000
71733100  0.000
71741227  0.000
71803181  0.875
71811341  1.000
71819500  1.000
71827660  1.000
71889517  0.625
71897709  0.500
71905900  1.000
71914092  1.000
71975854  1.000
71984078  1.000
71992301  1.000
72000525  1.000
72062191  0.875
72070447  0.875
72078702  1.000
72086958  1.000
72148529  1.000
72156816  1.000
72165103  1.000
72173390  1.000
72234868  0.000
72243186  0.000
72251505  0.000
72259823  0.000
72321207  0.000
72329556  0.000
72337906  0.000
72346255  0.000
72407548  0.125
72415928  0.000
72424308  0.000
72432688  0.000
72493889  0.125
72502299  0.375
72510710  0.375
72519120  0.125
72580231  0.000
72588672  0.000
72597112  0.000
72605553  0.000
72666574  0.000
72675044  0.000
72683515  0.000
72691985  0.000
72752918  0.000
72761418  0.000
72769917  0.000
72778417  0.000
72839262  0.000
72847791  0.125
72856321  0.250
72864850  0.125
72925608  0.125
72934166  0.125
72942724  0.500
72951282  0.000
73011955  0.000
73020542  0.125
73029128  0.500
73037715  0.375
73098302  0.250
73106917  0.125
73115532  0.000
73124147  0.000
73184651  0.000
73193294  0.000
73201936  0.000
73210579  0.125
73271000  0.375
73279671  0.125
73288341  0.000
73297012  0.125
73357351  0.000
73366049  0.000
73374746  0.000
73383444  0.125
73443703  0.250
73452427  0.125
73461152  0.125
73469876  0.000
73530055  0.125
73538806  0.125
73547558  0.250
73556309  0.125
73616409  0.625
73625186  0.250
73633964  0.250
73642741  0.500
73702764  0.000
73711567  0.000
73720371  0.000
73729174  0.000
73789120  0.000
73797949  0.000
73806777  0.000
73815606  0.000
73875477  0.000
73884331  0.000
73893184  0.000
73902038  0.000
73961836  0.000
73970714  0.000
73979593  0.000
73988471  0.000
74048195  0.000
74057098  0.500
74066000  0.875
74074903  0.750
74134556  0.000
74143482  0.125
74152409  0.375
74161335  0.625
74220917  0.000
74229867  0.000
74238817  0.000
74247767  0.000
74307280  0.000
74316253  0.125
74325226  0.250
74334199  0.375
74393644  0.500
74402640  0.250
74411635  0.125
74420631  0.375
74480010  0.625
74489028  1.000
74498045  1.000
74507063  1.000
74566376  1.000
74575416  1.000
74584455  1.000
74593495  1.000
74652744  0.125
74661805  0.000
74670866  0.000
74679927  0.000
74739113  0.000
74748195  0.000
74757277  0.000
74766359  0.000
74825484  0.000
74834586  0.000
74843688  0.000
74852790  0.000
74911855  0.000
74920977  0.000
74930100  0.000
74939222  0.375
74998228  0.000
75007370  0.000
75016511  0.250
75025653  0.250
75084602  0.875
75093763  0.875
75102923  0.500
75112084  0.500
75170977  0.625
75180156  0.750
75189336  0.750
75198515  0.750
75257354  0.125
75266551  0.000
75275749  0.000
75284946  0.000
75343732  0.000
75352947  0.000
75362161  0.000
75371376  0.000
75430111  0.625
75439343  1.000
75448574  0.875
75457806  0.750
75516492  1.000
75525740  0.875
75534988  1.000
75544236  0.875
75602873  0.375
75612137  0.500
75621402  0.625
75630666  0.500
75689256  0.125
75698536  0.000
75707815  0.125
75717095  0.250
75775641  0.000
75784935  0.000
75794230  0.000
75803524  0.000
75862026  0.125
75871335  0.000
75880644  0.125
75889953  0.000
75948413  0.375
75957736  0.750
75967058  0.750
75976381  0.500
76034801  0.125
76044137  0.750
76053473  1.000
76062809  1.000
76121190  0.375
76130539  0.125
76139887  0.125
76149236  0.250
76207581  0.000
76216942  0.000
76226302  0.000
76235663  0.000
76293973  0.000
76303345  0.000
76312718  0.000
76322090  0.000
76380366  0.000
76389749  0.000
76399133  0.000
76408516  0.000
76466760  0.000
76476154  0.000
76485547  0.000
76494941  0.000
76553156  0.000
76562559  0.000
76571963  0.000
76581366  0.000
76639552  0.125
76648965  0.000
76658378  0.000
76667791  0.000
76725950  0.125
76735371  0.250
76744793  0.625
76754214  0.625
76812349  1.5
76821778  1.5
76831208  1.5
76840637  1.5
76898749  1.5
76908186  1.5
76917623  1.5
76927060  1.5
76985151  1.5
76994595  1.5
77004038  1.5
77013482  1.5
77071553  1.5
77081003  1.5
77090453  1.5
77099903  1.5
77157957  1.5
77167412  1.5
77176868  1.5
77186323  1.5
77244362  1.5
77253822  1.5
77263282  1.5
77272742  1.5
77330767  1.5
77340232  1.5
77349696  1.5
77359161  1.5
77417174  1.000
77426642  1.000
77436111  1.000
77445579  1.000
77503582  0.000
77513053  0.000
77522525  0.125
77531996  0.500
77589991  1.000
77599465  1.000
77608938  1.000
77618412  1.000
77676401  1.000
77685877  1.000
77695352  1.000
77704828  1.000
77762811  0.750
77772288  0.625
77781765  0.250
77791242  0.125
77849223  0.000
77858700  0.000
77868178  0.000
77877655  0.250
77935636  0.000
77945113  0.000
77954591  0.000
77964068  0.000
78022049  1.000
78031526  1.000
78041002  1.000
78050479  1.000
78108464  1.000
78117939  1.000
78127415  1.000
78136890  1.000
78194879  1.000
78204352  1.000
78213826  1.000
78223299  1.000
78281295  1.000
78290766  1.000
78300237  1.000
78309708  1.000
78367712  1.000
78377180  1.000
78386647  1.000
78396115  1.000
78454130  1.000
78463594  1.000
78473057  0.375
78482521  0.000
78540548  0.250
78550007  0.500
78559467  0.625
78568926  0.375
78626967  0.125
78636421  0.375
78645876  0.375
78655330  0.125
78713387  1.000
78722836  0.250
78732284  0.000
78741733  0.000
78799808  0.125
78809250  0.875
78818693  0.000
78828135  0.000
78886229  0.125
78895664  0.000
78905100  0.000
78914535  0.125
78972651  0.000
78982079  0.000
78991507  0.000
79000935  0.000
79059073  0.125
79068493  0.000
79077913  0.000
79087333  0.000
79145496  0.125
79154907  0.000
79164319  0.000
79173730  0.375
79231919  1.000
79241321  1.000
79250723  1.000
79260125  1.000
79318343  1.000
79327735  1.000
79337128  1.000
79346520  1.000
79404768  1.000
79414150  1.000
79423531  1.000
79432913  1.000
79491193  1.000
79500564  1.000
79509934  1.000
79519305  1.000
79577618  0.125
79586977  0.000
79596336  0.000
79605695  0.000
79664044  0.000
79673391  0.000
79682737  0.000
79692084  0.000
79750470  0.125
79759804  0.250
79769138  0.000
79778472  0.000
79836897  0.000
79846218  0.000
79855538  0.000
79864859  0.000
79923323  0.000
79932630  0.125
79941938  0.125
79951245  0.000
80009751  0.000
80019044  0.000
80028336  0.000
80037629  0.000
80096178  0.000
80105456  0.250
80114733  0.500
80124011  0.875
80182606  0.000
80191868  0.000
80201131  0.000
80210393  0.000
80269034  0.000
80278280  0.000
80287527  0.000
80296773  0.000
80355462  0.875
80364692  1.000
80373922  1.000
80383152  1.000
80441890  1.000
80451103  1.000
80460317  1.000
80469530  1.000
80528319  0.000
80537515  0.125
80546710  0.125
80555906  0.000
80614748  0.125
80623926  0.000
80633103  0.000
80642281  0.000
80701176  0.000
80710335  0.000
80719495  0.000
80728654  0.125
80787605  0.000
80796746  0.000
80805886  0.000
80815027  0.000
80874035  0.000
80883156  0.000
80892277  0.000
80901398  0.000
80960464  0.000
80969565  0.000
80978667  0.000
80987768  0.000
81046893  0.000
81055974  0.000
81065055  0.000
81074136  0.000
81133323  0.000
81142383  0.000
81151444  0.000
81160504  0.000
81219752  0.000
81228791  0.000
81237831  0.000
81246870  0.000
81306181  0.000
81315199  0.000
81324216  0.000
81333234  0.125
81392611  0.000
81401607  0.000
81410602  0.000
81419598  0.125
81479041  0.000
81488014  0.000
81496987  0.000
81505960  0.000
81565470  0.500
81574420  0.375
81583371  0.125
81592321  0.250
81651900  0.000
81660827  0.000
81669754  0.000
81678681  0.000
81738329  0.125
81747233  0.000
81756136  0.000
81765040  0.125
81824759  0.000
81833638  0.000
81842518  0.000
81851397  0.000
81911188  0.000
81920043  0.000
81928899  0.000
81937754  0.000
81997618  0.000
82006448  0.000
82015279  0.000
82024109  0.000
82084047  0.000
82092852  0.000
82101658  0.125
82110463  0.125
82170477  0.000
82179257  0.000
82188036  0.250
82196816  0.250
82256906  0.000
82265660  0.000
82274414  0.000
82283168  0.000
82343336  0.500
82352063  0.375
82360791  0.000
82369518  0.000
82429765  1.000
82438466  1.000
82447167  1.000
82455868  1.000
82516194  0.000
82524868  0.000
82533543  0.250
82542217  0.375
82602623  0.250
82611270  0.125
82619917  0.000
82628564  0.000
82689053  0.250
82697672  0.125
82706292  0.000
82714911  0.125
82775482  0.250
82784073  0.125
82792665  0.000
82801256  0.000
82861911  0.250
82870474  0.375
82879038  0.250
82887601  0.250
82948340  0.375
82956875  0.875
82965410  1.000
82973945  0.875
83034769  0.750
83043275  0.125
83051781  0.250
83060287  1.000
83121198  0.875
83129675  0.500
83138152  0.375
83146629  0.500
83207627  0.625
83216075  0.625
83224522  0.250
83232970  0.250
83294056  0.625
83302474  0.500
83310892  0.250
83319310  0.375
83380485  0.500
83388873  0.000
83397261  0.000
83405649  0.000
83466914  0.000
83475272  0.000
83483629  0.000
83491987  0.000
83553343  0.000
83561670  0.000
83569998  0.000
83578325  0.000
83639772  0.000
83648068  0.000
83656365  0.000
83664661  0.000
83726201  0.000
83734466  0.000
83742732  0.000
83750997  0.000
83812630  0.000
83820864  0.500
83829099  0.875
83837333  1.000
83899059  0.500
83907262  0.375
83915464  0.375
83923667  0.500
83985488  0.500
83993659  0.250
84001830  0.000
84010001  0.125
84071917  0.000
84080056  0.000
84088195  0.000
84096334  0.000
84158346  0.000
84166453  0.000
84174559  0.000
84182666  0.000
84244776  0.000
84252850  0.000
84260924  0.125
84268998  0.250
84331205  0.625
84339246  0.500
84347288  0.250
84355329  0.000
84417634  0.125
84425642  0.250
84433651  0.250
84441659  0.375
84504064  0.625
84512039  0.625
84520014  0.750
84527989  1.000
84590494  0.000
84598436  0.125
84606377  0.500
84614319  0.750
84676923  0.750
84684831  0.750
84692740  0.875
84700648  1.000
84763353  1.000
84771227  1.000
84779102  1.000
84786976  1.000
84849783  1.000
84857623  1.000
84865464  1.000
84873304  1.000
84936214  1.000
84944020  1.000
84951826  1.000
84959632  1.000
85022644  1.000
85030416  1.000
85038187  1.000
85045959  1.000
85109075  1.000
85116812  1.000
85124548  1.000
85132285  1.000
85195506  0.000
85203208  0.125
85210910  0.375
85218612  0.875
85281937  0.125
85289604  0.000
85297271  0.000
85304938  0.000
85368368  0.125
85376000  0.000
85383631  0.000
85391263  0.125
85454800  0.250
85462396  0.125
85469993  0.000
85477589  0.000
85541232  0.000
85548793  0.250
85556353  0.750
85563914  0.750
85627664  1.000
85635189  1.000
85642714  1.000
85650239  1.000
85714096  0.875
85721585  1.000
85729074  0.500
85736563  0.250
85800529  0.125
85807982  0.000
85815435  0.000
85822888  0.000
85886962  0.000
85894379  0.000
85901795  0.000
85909212  0.625
85973395  0.000
85980775  0.000
85988156  0.000
85995536  0.000
86059829  0.000
86067173  0.000
86074516  0.000
86081860  0.000
86146263  0.000
86153570  0.000
86160877  0.000
86168184  0.000
86232698  0.000
86239968  0.000
86247238  0.000
86254508  0.000
86319133  0.000
86326366  0.000
86333599  0.000
86340832  0.000
86405568  0.000
86412764  0.000
86419960  0.000
86427156  0.000
86492004  0.125
86499163  0.000
86506321  0.000
86513480  0.000
86578440  0.000
86585561  0.000
86592683  0.000
86599804  0.000
86664876  0.000
86671960  0.250
86679044  0.375
86686128  0.500
86751313  0.000
86758359  0.125
86765406  0.250
86772452  0.500
86837751  0.625
86844759  0.375
86851768  0.125
86858776  0.000
86924189  0.000
86931160  0.000
86938130  0.000
86945101  0.000
87010628  0.000
87017560  0.000
87024493  0.000
87031425  0.125
87097067  0.000
87103961  0.000
87110856  0.000
87117750  0.000
87183506  0.000
87190362  0.000
87197219  0.000
87204075  0.000
87269946  0.000
87276764  0.000
87283583  0.000
87290401  0.000
87356387  0.125
87363167  0.125
87369947  0.000
87376727  0.000
87442828  0.000
87449570  0.000
87456311  0.000
87463053  0.000
87529270  0.000
87535973  0.000
87542676  0.000
87549379  0.000
87615712  0.000
87622377  0.000
87629041  0.000
87635706  0.000
87702155  0.375
87708781  0.500
87715407  0.500
87722033  0.750
87788598  0.500
87795186  0.375
87801773  0.250
87808361  0.125
87875042  0.375
87881591  0.375
87888141  0.375
87894690  0.250
87961487  0.250
87967998  0.000
87974508  0.000
87981019  0.000
88047932  0.000
88054404  0.000
88060876  0.000
88067348  0.000
88134378  0.000
88140811  0.000
88147245  0.000
88153678  0.000
88220824  0.000
88227219  0.000
88233614  0.000
88240009  0.000
88307271  0.000
88313627  0.000
88319984  0.000
88326340  0.000
88393719  0.000
88400037  0.000
88406354  0.000
88412672  0.000
88480167  0.000
88486446  0.000
88492726  0.000
88499005  0.000
88566616  1.000
88572857  1.000
88579097  1.000
88585338  1.000
88653065  0.500
88659268  0.125
88665470  0.000
88671673  0.000
88739515  0.000
88745679  0.000
88751844  0.000
88758008  0.000
88825965  0.000
88832091  0.000
88838218  0.000
88844344  0.000
88912417  0.125
88918505  0.125
88924593  0.000
88930681  0.000
88998868  0.375
89004918  0.375
89010969  0.375
89017019  0.375
89085320  0.500
89091332  0.250
89097345  0.375
89103357  0.500
89171773  0.125
89177748  0.250
89183722  0.375
89189697  0.750
89258226  0.625
89264163  0.875
89270101  0.875
89276038  0.875
89344680  0.000
89350580  0.000
89356480  0.125
89362380  0.875
89431135  0.750
89436998  0.250
89442860  0.250
89448723  0.875
89517589  1.000
89523415  1.000
89529241  1.000
89535067  1.000
89604045  1.000
89609834  1.000
89615624  1.000
89621413  1.000
89690500  0.500
89696253  0.250
89702006  0.375
89707759  0.625
89776957  1.000
89782674  1.000
89788390  0.875
89794107  0.625
89863413  1.000
89869094  0.875
89874775  0.875
89880456  1.000
89949870  0.500
89955516  0.250
89961161  0.000
89966807  0.000
90036328  0.125
90041938  0.250
90047549  0.375
90053159  0.875
90122785  0.875
90128361  0.875
90133936  1.000
90139512  1.000
90209243  0.125
90214784  0.000
90220325  0.000
90225866  0.000
90295701  0.000
90301208  0.000
90306716  0.000
90312223  0.000
90382160  0.250
90387633  0.625
90393107  1.000
90398580  1.000
90468619  0.000
90474059  0.000
90479499  0.000
90484939  0.000
90555078  0.000
90560485  0.000
90565893  0.000
90571300  0.000
90641537  0.000
90646912  0.000
90652287  0.000
90657662  0.000
90727996  0.000
90733339  0.000
90738683  0.000
90744026  0.000
90814455  0.000
90819767  0.000
90825079  0.000
90830391  0.000
90900914  0.000
90906196  0.000
90911477  0.000
90916759  0.000
90987373  0.000
90992624  0.000
90997876  0.000
91003127  0.000
91073832  0.000
91079054  0.000
91084276  0.000
91089498  0.000
91160291  0.000
91165484  0.000
91170677  0.000
91175870  0.000
91246750  0.000
91251915  0.000
91257079  0.000
91262244  0.000
91333209  0.000
91338346  0.000
91343483  0.000
91348620  0.000
91419667  0.000
91424777  0.125
91429888  0.250
91434998  0.000
91506125  0.250
91511209  0.125
91516294  0.000
91521378  0.000
91592583  0.000
91597642  0.000
91602700  0.000
91607759  0.000
91679040  0.000
91684074  0.000
91689109  0.000
91694143  0.000
91765497  0.000
91770507  0.000
91775518  0.000
91780528  0.000
91851954  0.000
91856941  0.000
91861929  0.000
91866916  0.000
91938409  0.000
91943374  0.000
91948340  0.000
91953305  0.000
92024864  0.000
92029808  0.000
92034752  0.000
92039696  0.000
92111319  0.000
92116242  0.000
92121166  0.000
92126089  0.000
92197773  0.000
92202677  0.000
92207580  0.000
92212484  0.000
92284226  0.000
92289111  0.000
92293996  0.000
92298881  0.000
92370678  0.000
92375546  0.000
92380413  0.000
92385281  0.000
92457129  0.000
92461980  0.000
92466831  0.000
92471682  0.000
92543579  0.000
92548414  0.000
92553250  0.000
92558085  0.000
92630028  0.125
92634849  0.250
92639669  0.250
92644490  0.250
92716476  0.125
92721283  0.250
92726090  0.375
92730897  0.375
92802923  0.250
92807717  0.500
92812512  0.375
92817306  0.125
92889369  0.500
92894152  0.500
92898935  0.250
92903718  0.125
92975814  0.000
92980586  0.000
92985359  0.000
92990131  0.000
93062257  0.000
93067020  0.000
93071783  0.000
93076546  0.000
93148699  0.000
93153454  0.000
93158208  0.000
93162963  0.000
93235140  0.000
93239887  0.000
93244635  0.000
93249382  0.000
93321579  0.750
93326320  0.500
93331062  0.750
93335803  0.250
93408016  0.000
93412752  0.000
93417489  0.000
93422225  0.000
93494453  0.000
93499185  0.000
93503918  0.000
93508650  0.000
93580887  0.000
93585617  0.000
93590346  0.000
93595076  0.000
93667320  0.000
93672048  0.000
93676777  0.000
93681505  0.000
93753752  0.250
93758480  0.125
93763207  0.000
93767935  0.000
93840181  0.000
93844909  0.000
93849638  0.000
93854366  0.000
93926609  0.000
93931339  0.000
93936070  0.000
93940800  0.000
94013036  0.000
94017769  0.000
94022502  0.125
94027235  0.125
94099460  0.000
94104197  0.125
94108935  0.375
94113672  0.500
94185883  0.000
94190625  0.000
94195368  0.000
94200110  0.000
94272303  0.000
94277052  0.000
94281801  0.000
94286550  0.000
94358722  0.000
94363478  0.000
94368235  0.000
94372991  0.000
94445139  0.000
94449904  0.000
94454669  0.000
94459434  0.000
94531555  0.000
94536330  0.000
94541104  0.000
94545879  0.000
